599
599
599
599
599
599
599
599
599
599
599
599
599
599
599
599
599
599
572
572
572
572
572
572
572
572
556
556
556
556
556
556
556
556
556
556
556
538
538
538
538
538
538
531
531
531
531
531
531
531
531
531
531
512
512
512
512
512
512
503
503
499
499
499
499
499
499
499
499
489
489
489
489
489
489
489
489
477
475
475
466
466
466
466
466
466
466
459
459
459
459
459
459
459
459
459
459
446
442
442
432
432
432
432
432
428
428
428
428
428
423
423
423
418
418
418
418
418
418
418
396
396
396
396
396
396
396
396
396
396
389
389
389
389
389
389
389
389
389
376
376
365
365
362
362
362
362
362
359
359
359
359
359
359
359
359
351
351
351
351
351
351
334
333
333
333
333
327
327
327
327
327
327
323
323
323
323
323
323
323
323
323
314
303
303
303
300
300
300
300
300
293
293
293
293
293
285
285
282
282
280
280
280
280
275
266
266
